 5.761, 674.037, 6238.71 
 -8.6415, 0, 0 
 8.62927, -0.0148392, 0 
 -8.62816, 0.0435028, 0 
 8.60486, -0.0533295, 0 
 -8.60019, 0.111191, 0 
 8.56323, -0.116257, 0 
 -8.55223, 0.203773, 0 
 8.49874, -0.204124, 0 
 -8.47835, 0.321594, 0 
 8.40529, -0.317009, 0 
 -8.37225, 0.464508, 0 
 8.27649, -0.454445, 0 
 -8.2274, 0.631783, 0 
 8.10584, -0.615326, 0 
 -8.03733, 0.821976, 0 
 7.88711, -0.797829, 0 
 -7.79602, 1.03289, 0 
 7.61461, -0.999306, 0 
 -7.49815, 1.26143, 0 
 7.2837, -1.21625, 0 
 -7.13969, 1.50363, 0 
 6.89107, -1.44426, 0 
 -6.71815, 1.75464, 0 
 6.43526, -1.67812, 0 
 -6.23313, 2.00879, 0 
 5.91703, -1.91186, 0 
 -5.68664, 2.25977, 0 
 5.33967, -2.13898, 0 
 -5.08334, 2.50079, 0 
 4.70919, -2.35261, 0 
 -4.43064, 2.72486, 0 
 4.03426, -2.54585, 0 
 -0.939592, 2.77587, 0 
 6.25381, -2.91552, 0 
 -5.83325, 3.06147, 0 
 5.39423, -3.18678, 0 
 -4.97736, 3.31889, 0 
 4.54761, -3.43017, 0 
 -4.13657, 3.54818, 0 
 3.71753, -3.64579, 0 
 -3.31436, 3.74954, 0 
 2.90729, -3.83386, 0 
 -2.51382, 3.92329, 0 
 2.1199, -3.99471, 0 
 -1.73792, 4.06985, 0 
 1.35822, -4.1288, 0 
 -0.989288, 4.18977, 0 
 0.624725, -4.23669, 0 
 -0.270264, 4.28373, 0 
 -0.0782776, -4.31908, 0 
 0.416931, 4.35248, 0 
 -0.748718, -4.3767, 0 
 1.07047, 4.39684, 0 
 -1.38486, -4.41041, 0 
 1.68869, 4.41774, 0 
 -1.98514, -4.42113, 0 
 2.27023, 4.41618, 0 
 -2.54825, -4.40987, 0 
 2.81393, 4.39319, 0 
 -3.07321, -4.37767, 0 
 3.31897, 4.34987, 0 
 -3.5592, -4.32563, 0 
 3.78461, 4.28738, 0 
 -4.00558, -4.25492, 0 
 4.21036, 4.20692, 0 
 -4.41199, -4.16673, 0 
 13.1879, 11.0546, -3.7035 
 -13.5299, -3.85361, -3.7035 
 13.6488, 10.7965, -3.7035 
 -14.0134, -3.59739, -3.7035 
 14.1228, 10.5959, -3.7035 
 -14.5161, -3.39754, -3.7035 
 14.6215, 10.4519, -3.7035 
 -15.0486, -3.25307, -3.7035 
 15.1552, 10.3634, -3.7035 
 -15.6208, -3.16262, -3.7035 
 15.7333, 10.3289, -3.7035 
 -16.2417, -3.12447, -3.7035 
 16.3645, 10.3463, -3.7035 
 -16.9193, -3.13655, -3.7035 
 17.0566, 10.4135, -3.7035 
 -17.6607, -3.19634, -3.7035 
 17.8165, 10.5278, -3.7035 
 -18.4724, -3.3008, -3.7035 
 18.6503, 10.6856, -3.7035 
 -19.3599, -3.44619, -3.7035 
 19.5633, 10.8831, -3.7035 
 -20.3277, -3.62791, -3.7035 
 20.5597, 11.115, -3.7035 
 -21.3792, -3.84027, -3.7035 
 21.6429, 11.3752, -3.7035 
 -22.5171, -4.07624, -3.7035 
 22.8151, 11.6559, -3.7035 
 -23.743, -4.32722, -3.7035 
 24.0779, 11.9477, -3.7035 
 -25.0575, -4.58274, -3.7035 
 25.4318, 12.2391, -3.7035 
 -26.4607, -4.8302, -3.7035 
 26.8772, 12.5164, -3.7035 
 -33.6157, -10.1835, -1.2345 
 31.6903, 10.2854, 0 
 -32.5333, -10.4751, 0 
 33.546, 10.5763, 0 
 -34.4364, -10.7772, 0 
 35.5104, 10.8774, 0 
 -36.4511, -11.0905, 0 
 37.5905, 11.1891, 0 
 -38.5846, -11.4157, 0 
 39.7936, 11.5121, 0 
 -40.8443, -11.7535, 0 
 42.1278, 11.847, 0 
 -43.2387, -12.1045, 0 
 44.6017, 12.1945, 0 
 -45.7767, -12.4698, 0 
 47.2248, 12.5553, 0 
 -48.468, -12.8502, 0 
 50.0074, 12.9302, 0 
 -51.3233, -13.2468, 0 
 52.9608, 13.3201, 0 
 -54.3543, -13.6607, 0 
 56.0971, 13.7261, 0 
 -57.5738, -14.0933, 0 
 59.4299, 14.1492, 0 
 -60.9956, -14.5459, 0 
 62.9742, 14.5907, 0 
 -64.6355, -15.0202, 0 
 66.7465, 15.0519, 0 
 -68.5106, -15.5181, 0 
 70.7651, 15.5344, 0 
 -72.6401, -16.0415, 0 
 75.0505, 16.0399, 0 
 -77.0453, -16.5928, 0 
 76.7469, 16.501, 0 
 -84.516, -17.4325, 0 
 87.5862, 17.121, 0 
 -89.9347, -18.1736, 0 
 93.137, 17.887, 0 
 -95.8601, -19.0853, 0 
 99.1692, 18.814, 0 
 -102.307, -20.1869, 0 
 105.689, 19.9173, 0 
 -109.289, -21.4981, 0 
 112.698, 21.2116, 0 
 -116.815, -23.0386, 0 
 120.19, 22.7104, 0 
 -124.885, -24.8269, 0 
 128.147, 24.4238, 0 
 -133.487, -26.8778, 0 
 136.532, 26.3566, 0 
 -142.588, -29.1997, 0 
 145.283, 28.5047, 0 
 -152.123, -31.79, 0 
 154.294, 30.8508, 0 
 -161.98, -34.6289, 0 
 163.411, 33.3594, 0 
 -171.98, -37.6716, 0 
 172.403, 35.9694, 0 
 -181.855, -40.8375, 0 
 180.953, 38.5873, 0 
 -191.225, -43.9996, 0 
 188.637, 41.0806, 0 
 -199.573, -46.9738, 0 
 194.923, 43.2748, 0 
 -206.24, -49.5156, 0 
 199.186, 44.9577, 0 
 -210.455, -51.3297, 0 
